%YAML:1.0
IMAGE.ROWS: 240
IMAGE.COLS: 376
IMAGE.K: !!opencv-matrix
   rows: 3
   cols: 3
   dt: d
   data: [224.144752680842,0.0, 189.021473904730, 0.0, 224.232219059543, 109.965410642984, 0.0, 0.0, 1.0]
IMAGE.DISTORTION: !!opencv-matrix
   rows: 1
   cols: 5
   dt: d
   data: [-0.366451069033383,0.125320018352568, 0, 0, 0]
T_CL: !!opencv-matrix
   rows: 4
   cols: 4
   dt: d
   data: [-0.998183615736627,-0.0537005815123881,-0.0273078161006290,0.0118031953838058,-0.0169891591426512,-0.183971980493774,0.982784655387346,0.101805175329468, -0.0577999805067448,0.981463477638587,0.182725488958137,-0.135437444244107, 0.0,0.0,0.0,1.0]

